Cannon|1,3,4,5,6,7,8,10,11,13,15,16|0,0,0,10\0,0,15,0\0,0,45,0\0,2,0,0\0,6,0,0\0,12,0,0\1,0,0,0\2,0,0,0\3,0,0,0\4,0,0,0\5,0,0,0\6,0,0,0\7,0,0,0\8,0,0,0\9,0,0,0\10,0,0,0
Archer Tower|0,2,3,4,6,7,8,10,11,13,15,16|0,0,1,0\0,0,30,0\0,0,45,0\0,4,0,0\0,12,0,0\1,0,0,0\2,0,0,0\3,0,0,0\4,0,0,0\5,0,0,0\6,0,0,0\7,0,0,0\8,0,0,0\9,0,0,0\10,0,0,0\11,0,0,0
Mortar|0,0,1,2,3,4,5,6,7,8,10,11|0,8,0,0\0,12,0,0\1,0,0,0\2,0,0,0\4,0,0,0\5,0,0,0\7,0,0,0\8,0,0,0\10,0,0,0\12,0,0,0\14,0,0,0
Air Defense|0,0,0,2,3,4,5,6,7,8,9,10|0,5,0,0\1,0,0,0\3,0,0,0\4,0,0,0\5,0,0,0\6,0,0,0\8,0,0,0\10,0,0,0\12,0,0,0\14,0,0,0
Wizard Tower|0,0,0,0,2,3,4,6,7,9,10,11|0,12,0,0\1,0,0,0\2,0,0,0\3,0,0,0\4,0,0,0\5,0,0,0\6,0,0,0\8,0,0,0\10,0,0,0\12,0,0,0\14,0,0,0
Air Sweeper|0,0,0,0,0,2,3,4,5,6,7,7|1,0,0,0\3,0,0,0\5,0,0,0\7,0,0,0\8,0,0,0\9,0,0,0\10,0,0,0
Hidden Tesla|0,0,0,0,0,0,3,6,7,8,9,10|1,0,0,0\3,0,0,0\5,0,0,0\6,0,0,0\7,0,0,0\8,0,0,0\10,0,0,0\12,0,0,0\14,0,0,0\14,0,0,0
Bomb Tower|0,0,0,0,0,0,0,0,2,3,4,6,7|4,0,0,0\6,0,0,0\8,0,0,0\10,0,0,0\14,0,0,0\14,0,0,0\14,0,0,0
X-Bow|0,0,0,0,0,0,0,0,0,3,4,5,6|7,0,0,0\8,0,0,0\10,0,0,0\12,0,0,0\14,0,0,0\14,0,0,0
Inferno Tower|0,0,0,0,0,0,0,0,0,0,3,5,6|7,0,0,0\8,0,0,0\10,0,0,0\12,0,0,0\(14,0,0,0\14,0,0,0
Eagle Artillery|0,0,0,0,0,0,0,0,0,0,0,2,3|10,0,0,0\14,0,0,0\14,0,0,0
Wall|0,2,3,4,5,6,7,8,10,11,12,13|0,0,0,0\0,0,0,0\0,0,0,0\0,0,0,0\0,0,0,0\(0,0,0,0\0,0,0,0\0,0,0,0\0,0,0,0\0,0,0,0\0,0,0,0\0,0,0,0\0,0,0,0
Army Camp|1,2,3,4,5,6,6,6,7,8,9,10|0,0,5,0\0,1,0,0\0,3,0,0\0,8,0,0\1,0,0,0\3,0,0,0\5,0,0,0\10,0,0,0\14,0,0,0\14,0,0,0
Barracks|3,4,5,6,7,8,9,10,11,12,13,13|0,0,0,10\0,0,15,0\0,2,0,0\0,4,0,0\0,10,0,0\0,16,0,0\1,0,0,0\2,0,0,0\4,0,0,0\6,0,0,0\8,0,0,0\10,0,0,0\12,0,0,0
Dark Barracks|0,0,0,0,0,0,2,4,6,7,7,7|3,0,0,0\5,0,0,0\6,0,0,0\7,0,0,0\8,0,0,0\9,0,0,0\12,0,0,0
Laboratory|0,0,1,2,3,4,5,6,7,8,9,10|0,0,30,0\0,5,0,0\0,12,0,0\1,0,0,0\2,0,0,0\4,0,0,0\5,0,0,0\6,0,0,0\7,0,0,0\8,0,0,0
Spell Factory|0,0,0,0,1,2,3,3,4,5,5,5|1,0,0,0\2,0,0,0\4,0,0,0\5,0,0,0\6,0,0,0
Dark Spell Factory|0,0,0,0,0,0,0,2,4,4,4|4,0,0,0\6,0,0,0\8,0,0,0\10,0,0,0
Barbarian King|0,0,0,0,0,0,5,10,30,40,50,60|0,0,0,0\0,12,0,0\1,0,0,0\1,12,0,0\2,0,0,0\2,12,0,0\3,0,0,0\3,12,0,0\4,0,0,0\4,12,0,0\5,0,0,0\5,12,0,0\6,0,0,0\6,12,0,0\7,0,0,0\7,0,0,0\7,0,0,0\7,0,0,0\7,0,0,0\7,0,0,0\7,0,0,0\7,0,0,0\7,0,0,0\7,0,0,0\7,0,0,0\7,0,0,0\7,0,0,0\7,0,0,0\7,0,0,0\7,0,0,0\7,0,0,0\7,0,0,0\7,0,0,0\7,0,0,0\7,0,0,0\7,0,0,0\7,0,0,0\7,0,0,0\7,0,0,0\7,0,0,0\7,0,0,0\7,0,0,0\7,0,0,0\7,0,0,0\7,0,0,0\7,0,0,0\7,0,0,0\7,0,0,0\7,0,0,0\7,0,0,0\7,0,0,0\7,0,0,0\7,0,0,0\7,0,0,0\7,0,0,0\7,0,0,0\7,0,0,0\7,0,0,0\7,0,0,0\7,0,0,0
Archer Queen|0,0,0,0,0,0,0,0,30,40,50,60|0,0,0,0\0,12,0,0\1,0,0,0\1,12,0,0\2,0,0,0\2,12,0,0\3,0,0,0\3,12,0,0\4,0,0,0\4,12,0,0\5,0,0,0\5,12,0,0\6,0,0,0\6,12,0,0\7,0,0,0\7,0,0,0\7,0,0,0\7,0,0,0\7,0,0,0\7,0,0,0\7,0,0,0\7,0,0,0\7,0,0,0\7,0,0,0\7,0,0,0\7,0,0,0\7,0,0,0\7,0,0,0\7,0,0,0\7,0,0,0\7,0,0,0\7,0,0,0\7,0,0,0\7,0,0,0\7,0,0,0\7,0,0,0\7,0,0,0\7,0,0,0\7,0,0,0\7,0,0,0\7,0,0,0\7,0,0,0\7,0,0,0\7,0,0,0\7,0,0,0\7,0,0,0\7,0,0,0\7,0,0,0\7,0,0,0\7,0,0,0\7,0,0,0\7,0,0,0\7,0,0,0\7,0,0,0\7,0,0,0\7,0,0,0\7,0,0,0\7,0,0,0\7,0,0,0\7,0,0,0
Grand Warden|0,0,0,0,0,0,0,0,0,0,20,30|0,0,0,0\0,12,0,0\1,0,0,0\1,12,0,0\2,0,0,0\2,12,0,0\3,0,0,0\3,12,0,0\4,0,0,0\4,12,0,0\5,0,0,0\5,12,0,0\6,0,0,0\6,12,0,0\7,0,0,0\7,0,0,0\7,0,0,0\7,0,0,0\7,0,0,0\7,0,0,0\7,0,0,0\7,0,0,0\7,0,0,0\7,0,0,0\7,0,0,0\7,0,0,0\7,0,0,0\7,0,0,0\7,0,0,0\7,0,0,0
Bomb|0,0,2,2,3,3,4,5,6,7,7,7|0,0,0,0\0,0,15,0\0,2,0,0\0,8,0,0\1,0,0,0\2,0,0,0\3,0,0,0
Giant Bomb|0,0,0,0,0,2,2,3,3,4,5,5|0,0,0,0\0,6,0,0\1,0,0,0\3,0,0,0\5,0,0,0
Spring Trap|0,0,0,1,1,1,2,3,4,5,5,5|0,0,0,0\0,16,0,0\1,0,0,0\2,0,0,0\3,0,0,0
Air Bomb|0,0,0,0,2,2,3,3,4,4,5,5|0,0,0,0\0,4,0,0\0,12,0,0\1,0,0,0\2,0,0,0
Seeking Air Mine|0,0,0,0,0,0,1,1,2,3,3,3|0,0,0,0\1,0,0,0\3,0,0,0
Skeleton Trap|0,0,0,0,0,0,0,2,3,4,4,4|0,0,0,0\0,6,0,0\1,0,0,0\2,0,0,0
Gold Mine|2,4,6,8,10,10,11,12,12,12,12,12|0,0,0,10\0,0,1,0\0,0,15,0\0,1,0,0\0,2,0,0\0,6,0,0\0,12,0,0\1,0,0,0\2,0,0,0\3,0,0,0\4,0,0,0\5,0,0,0
Elixir Collector|2,4,6,8,10,10,11,12,12,12,12,12|0,0,0,10\0,0,1,0\0,0,15,0\0,1,0,0\0,2,0,0\0,6,0,0\0,12,0,0\1,0,0,0\2,0,0,0\3,0,0,0\4,0,0,0\5,0,0,0
