Barbarian|1|0,1,3,5,6,7,8,9|0,0,0,0/0,6,0,0/1,0,0,0/2,0,0,0/3,12,0,0/4,12,0,0/7,12,0,0/10,0,0,0
Archer|1|0,1,3,5,6,7,8,9|0,0,0,0/0,12,0,0/1,0,0,0/2,0,0,0/3,12,0,0/4,12,0,0/7,12,0,0/10,0,0,0
Giant|1|0,2,4,5,6,7,8,9,10|0,0,0,0/12,0,0,0/1,12,0,0/2,0,0,0/3,12,0,0/6,12,0,0/8,0,0,0/11,12,0,0/14,0,0,0
Goblin|2|0,1,3,5,6,7,8|0,0,0,0/0,12,0,0/1,12,0,0/2,0,0,0/3,12,0,0/6,12,0,0/10,0,0,0
Wall Breaker|3|0,2,4,5,6,8,9,10|0,0,0,0/0,12,0,0/1,12,0,0/2,0,0,0/3,12,0,0/6,12,0,0/8,0,0,0/14,0,0,0
Ballon|4|0,2,4,5,6,7,9,10|0,0,0,0/0,12,0,0/1,12,0,0/2,0,0,0/3,12,0,0/6,12,0,0/11,12,0,0/14,0,0,0
Wizard|5|0,3,4,5,6,7,8,9,10|0,0,0,0/0,12,0,0/1,12,0,0/2,0,0,0/3,12,0,0/6,0,0,0/8,0,0,0/11,12,0,0/14,0,0,0
Healer|6|0,5,6,7,9|0,0,0,0/2,0,0,0/3,12,0,0/6,0,0,0/14,0,0,0
Dragon|7|0,5,6,7,8,9,10|0,0,0,0/4,12,0,0/6,0,0,0/6,12,0,0/8,0,0,0/11,12,0,0/14,0,0,0
Pekka|8|0,6,6,7,8,8,9|0,0,0,0/4,12,0,0/6,0,0,0/6,12,0,0/8,0,0,0/11,12,0,0/14,0,0,0
Baby Dragon|9|0,7,8,8,9,10|0,0,0,0/5,12,0,0/6,12,0,0/11,12,0,0/14,0,0,0
Miner|10|0,8,8,9,9,10|0,0,0,0/5,12,0,0/6,12,0,0/11,12,0,0/14,0,0,0
Electro Dragon|11|0,9,10|0,0,0,0/10,0,0,0/14,0,0,0
Minion|7|0,5,6,6,7,8,9,10|0,0,0,0/3,12,0,0/4,0,0,0/4,12,0,0/6,12,0,0/8,0,0,0/11,12,0,0/14,0,0,0
Hog Rider|7|0,5,6,6,7,8,9,10|0,0,0,0/3,12,0,0/4,0,0,0/5,12,0,0/6,12,0,0/11,12,0,0/14,0,0,0
Valkyrie|8|0,6,7,7,8,9,10|0,0,0,0/5,12,0,0/6,12,0,0/8,0,0,0/9,12,0,0/11,12,0,0/14,0,0,0
Golem|8|0,6,7,7,8,9,9,10|0,0,0,0/4,0,0,0/5,12,0,0/6,12,0,0/8,0,0,0/9,12,0,0/11,12,0,0/14,0,0,0
Witch|9|0,7,9,10|0,0,0,0/8,0,0,0/11,12,0,0/14,0,0,0
Lava Hound|9|0,7,8,9,10|0,0,0,0/6,12,0,0/8,0,0,0/11,12,0,0/14,0,0,0
Bowler|10|0,8,9,10|0,0,0,0/8,12,0,0/14,0,0,0/14,0,0,0
Lightning Spell|5|0,1,2,3,6,7,8|0,0,0,0/1,0,0,0/2,0,0,0/3,0,0,0/4,0,0,0/6,12,0,0/14,0,0,0
Healing Spell|6|0,2,4,5,6,7,8|0,0,0,0/1,0,0,0/2,0,0,0/3,0,0,0/5,0,0,0/7,0,0,0/10,0,0,0
Rage Spell|7|0,3,4,5,6|0,0,0,0/2,0,0,0/3,0,0,0/5,0,0,0/7,0,0,0
Jump Spell|9|0,5,8|0,0,0,0/5,0,0,0/7,0,0,0
Freeze Spell|9|0,8,8,8,8,9,10|0,0,0,0/3,0,0,0/4,12,0,0/6,12,0,0/8,0,0,0/9,0,0,0/11,12,0,0
Clone Spell|10|0,8,8,9,9|0,0,0,0/4,0,0,0/5,0,0,0/6,12,0,0/11,12,0,0
Poison Spell|8|0,6,7,8,9|0,0,0,0/2,12,0,0/4,0,0,0/6,12,0,0/9,12,0,0
Earthquake Spell|8|0,6,7,8|0,0,0,0/4,0,0,0/5,0,0,0/9,12,0,0
Haste Spell|9|0,7,8,8|0,0,0,0/5,0,0,0/6,12,0,0/9,0,0,0
Skeleton Spell|9|0,8,8,9,10|0,0,0,0/5,0,0,0/6,12,0,0/8,0,0,0/9,0,0,0
Wall Wrecker|12|0,10,10|0,0,0,0/8,0,0,0/10,0,0,0
Battle Blimp|12|0,10,10|0,0,0,0/8,0,0,0/10,0,0,0
